{
  "accuracy": 0.9231,
  "precision_macro": 0.9295,
  "recall_macro": 0.9245,
  "f1_macro": 0.9265,
  "test_samples": 234,
  "classification_report": {
    "AI Researcher": {
      "precision": 0.9607843137254902,
      "recall": 0.8909090909090909,
      "f1-score": 0.9245283018867925,
      "support": 55.0
    },
    "Cybersecurity Analyst": {
      "precision": 1.0,
      "recall": 0.9807692307692307,
      "f1-score": 0.9902912621359223,
      "support": 52.0
    },
    "Data Scientist": {
      "precision": 0.875,
      "recall": 0.9032258064516129,
      "f1-score": 0.8888888888888888,
      "support": 62.0
    },
    "Software Engineer": {
      "precision": 0.8823529411764706,
      "recall": 0.9230769230769231,
      "f1-score": 0.9022556390977443,
      "support": 65.0
    },
    "accuracy": 0.9230769230769231,
    "macro avg": {
      "precision": 0.9295343137254902,
      "recall": 0.9244952628017145,
      "f1-score": 0.926491023002337,
      "support": 234.0
    },
    "weighted avg": {
      "precision": 0.9249832411597118,
      "recall": 0.9230769230769231,
      "f1-score": 0.9235125208859232,
      "support": 234.0
    }
  }
}